user_id time_stamp(seconds) query_length response_length round_index
0 0 14 20 10
1 0 100 56 3
2 0 24 52 2
3 0 42 2 118
4 0 90 18 30
5 0 22 10 1
6 0 28 52 5
7 0 6 2 27
8 0 44 128 7
9 0 22 2 39
10 1 68 20 33
11 1 12 68 20
12 1 32 34 14
13 1 16 30 21
14 1 16 62 16
15 1 60 64 47
16 1 14 2 17
17 1 24 44 11
18 1 22 20 14
19 1 64 14 41
20 2 90 22 23
21 2 34 14 8
22 2 64 82 32
23 2 26 30 57
24 2 28 24 10
25 2 126 100 20
7 2 8 2 28
26 2 54 64 3
27 3 90 62 40
28 3 18 2 35
29 3 98 46 29
30 3 102 88 17
31 3 34 18 21
32 3 44 30 14
33 3 20 26 26
34 3 22 64 15
35 3 24 158 9
36 3 10 2 23
37 3 92 76 24
38 3 30 26 14
39 3 46 32 2
40 3 22 102 4
41 4 12 34 2
42 4 26 32 18
43 4 74 36 25
44 4 58 2 12
45 4 26 78 21
46 4 60 20 35
47 4 18 78 11
48 4 40 52 21
49 4 8 4 78
50 5 30 76 38
51 5 16 32 72
52 5 66 58 19
53 5 22 26 15
54 5 30 64 26
55 5 58 46 4
56 5 86 6 45
57 5 86 68 18
58 5 26 46 39
59 5 10 50 22
60 5 42 42 25
61 5 38 52 3
62 5 44 102 53
63 5 24 52 15
64 5 20 16 27
65 5 14 26 30
66 5 130 4 6
67 5 26 26 2
68 6 46 16 37
69 6 18 84 5
70 6 106 48 49
71 6 72 66 31
72 6 8 6 6
73 6 14 144 4
74 6 24 74 19
66 6 4 2 7
75 6 26 2 48
76 6 56 32 7
77 7 138 68 52
78 7 16 26 10
79 7 84 42 40
80 7 38 6 13
81 7 24 18 7
82 7 12 34 9
83 7 36 30 21
84 7 100 58 35
85 7 22 52 2
86 7 84 22 58
87 7 14 32 7
88 7 20 34 14
89 7 18 150 23
90 7 42 50 16
91 7 86 44 28
75 7 18 2 49
92 8 16 34 16
93 8 20 36 2
94 8 140 50 35
95 8 24 18 15
96 8 14 62 28
97 8 50 66 3
98 8 30 54 28
99 8 58 94 2
100 8 28 18 10
101 8 14 60 12
102 8 36 16 14
103 9 24 30 57
104 9 20 30 19
105 9 14 72 2
106 9 24 2 54
107 9 18 52 7
108 9 22 28 9
109 9 32 34 10
110 9 34 58 34
111 9 26 6 10
112 9 20 58 67
113 10 114 42 1
114 10 8 16 7
115 10 14 2 70
116 10 40 6 26
117 10 2 168 6
118 10 48 54 11
119 10 44 38 6
120 10 18 148 5
121 10 52 16 34
122 10 10 2 46
123 10 44 28 11
124 10 20 74 19
125 10 48 10 34
126 11 12 36 2
127 11 8 28 6
128 11 42 46 15
129 11 22 18 2
130 11 22 92 11
131 11 12 86 27
132 11 20 44 14
133 11 22 6 11
134 11 26 10 8
135 11 8 32 8
136 11 28 40 20
137 11 14 56 20
138 11 24 58 3
139 11 18 80 10
140 11 32 40 13
141 11 4 44 10
66 11 16 6 8
142 12 26 68 13
143 12 26 36 26
144 12 64 6 49
145 12 56 34 25
146 12 62 36 40
147 12 8 2 1
148 12 36 8 19
149 12 128 34 4
150 13 20 38 22
151 13 32 34 7
49 13 8 2 79
152 13 4 88 10
153 14 16 4 10
154 14 20 32 3
106 14 22 2 55
155 14 86 22 15
156 14 76 90 15
157 14 24 16 11
158 14 18 26 22
122 14 24 2 47
159 14 18 18 1
160 14 24 42 19
161 14 58 116 35
162 14 24 76 18
163 15 18 92 9
164 15 28 26 5
3 15 22 2 119
165 15 18 64 21
166 15 86 52 28
167 15 60 74 33
168 15 58 26 2
169 15 10 84 32
170 16 12 34 3
171 16 16 28 21
172 16 6 20 1
173 16 20 86 28
174 16 30 6 25
175 16 100 46 10
176 16 54 18 20
177 16 32 66 10
178 16 10 24 3
179 16 26 6 18
180 16 34 4 2
75 16 14 2 50
181 17 16 32 13
182 17 18 60 20
183 17 24 80 15
184 17 6 46 7
185 17 48 2 42
186 17 58 64 16
187 17 90 80 9
188 17 14 4 2
189 17 50 104 14
190 17 24 70 10
191 17 20 6 16
192 17 16 32 14
193 17 20 60 10
194 17 22 18 27
195 17 96 40 2
196 18 26 24 7
197 18 6 24 2
198 18 20 100 48
199 18 28 26 21
44 18 14 6 13
200 18 6 58 9
201 18 30 48 12
202 18 104 118 48
5 18 28 104 2
203 18 10 20 8
19 18 14 42 42
204 19 48 2 20
205 19 74 74 14
206 19 12 32 18
207 19 20 46 8
208 19 66 2 26
209 19 78 90 29
210 19 84 26 21
211 19 20 22 37
212 19 48 30 15
213 19 96 100 9
214 19 42 28 2
215 19 100 44 9
216 19 96 34 13
217 19 24 92 8
218 19 26 74 12
219 19 22 18 7
220 20 2 44 42
221 20 12 40 7
222 20 102 76 10
223 20 18 42 3
224 20 22 54 24
31 20 18 100 22
225 20 52 18 37
33 20 6 56 27
36 20 50 4 24
226 20 6 92 8
227 20 18 34 8
228 20 52 68 5
229 21 28 102 25
230 21 24 34 18
231 21 34 36 3
80 21 22 66 14
232 21 18 114 3
233 21 8 54 2
234 21 12 10 61
235 21 12 46 14
236 21 26 28 1
179 21 6 4 19
237 21 12 2 1
238 22 16 6 44
239 22 128 4 13
240 22 6 70 12
241 22 30 64 10
242 22 94 26 7
243 22 74 66 54
244 22 26 22 21
245 22 32 68 22
246 22 90 54 2
247 23 16 24 2
13 23 2 10 22
248 23 18 54 2
249 23 18 56 6
250 23 18 28 6
251 23 48 42 6
252 23 42 30 4
253 23 12 96 6
254 23 172 44 17
255 23 46 144 15
256 24 22 24 8
257 24 4 38 1
258 24 22 58 4
259 24 8 26 3
260 24 6 52 20
261 24 14 34 41
262 24 44 30 16
263 24 12 62 20
264 24 30 2 19
265 25 38 52 3
266 25 24 2 18
267 25 14 56 9
268 25 52 24 73
269 25 22 96 50
95 25 12 122 16
270 25 48 2 18
271 25 28 38 23
272 25 42 24 11
273 25 26 14 8
274 25 18 24 5
275 25 102 12 28
276 26 32 188 6
277 26 18 56 9
51 26 20 30 73
21 26 38 36 9
114 26 16 20 8
278 26 22 2 29
279 26 32 66 4
280 26 26 30 8
100 26 10 28 11
281 26 100 12 48
282 26 26 52 43
188 26 18 78 3
283 26 26 66 1
39 26 16 30 3
284 26 16 44 26
204 27 2 2 21
285 27 10 34 12
286 27 24 30 1
287 27 88 44 24
288 27 26 2 14
278 27 14 2 30
289 27 18 38 17
290 27 120 34 16
291 27 6 88 18
292 28 28 10 23
293 28 34 34 62
294 28 60 82 28
204 28 6 2 22
295 28 86 58 30
115 28 30 6 71
296 28 28 30 20
297 28 36 20 34
298 28 14 18 1
299 28 12 42 12
300 28 34 28 13
301 28 50 2 27
302 28 20 32 49
303 28 86 38 13
304 28 12 58 10
23 29 18 22 58
305 29 28 58 2
306 29 12 40 38
307 29 32 66 19
308 29 120 54 1
309 29 34 22 62
310 29 26 72 22
311 29 40 90 5
312 29 72 58 20
48 29 14 66 22
64 29 26 6 28
313 29 22 64 7
314 29 12 52 1
315 30 24 58 34
53 30 26 34 16
316 30 56 154 33
317 30 14 22 1
318 30 58 60 9
134 30 10 20 9
319 30 40 68 35
320 30 104 32 2
148 30 20 70 20
321 30 24 32 7
322 30 46 48 9
323 30 16 26 5
65 30 6 70 31
324 31 44 48 9
325 31 36 20 12
24 31 28 44 11
278 31 14 2 31
326 31 76 26 31
270 31 24 2 19
327 31 46 132 6
122 31 28 2 48
328 31 66 36 45
329 32 32 146 27
330 32 40 28 4
331 32 40 58 50
332 32 20 2 1
333 32 52 62 8
81 32 10 56 8
334 32 52 44 2
335 32 44 30 19
264 32 24 2 20
104 33 4 86 20
197 33 20 10 3
78 33 28 10 11
336 33 96 58 20
41 33 22 46 3
337 33 98 60 20
92 34 28 52 17
93 34 18 80 3
338 34 80 8 43
3 34 40 6 120
339 34 12 32 21
340 34 44 10 13
75 34 22 2 51
341 35 110 4 42
219 35 14 30 8
342 36 16 52 6
343 36 20 62 1
344 36 44 48 34
345 36 22 4 1
346 36 72 54 32
76 36 18 40 8
266 37 8 2 19
347 37 24 14 11
129 37 2 12 3
106 37 32 2 56
348 37 48 38 1
349 37 22 34 1
350 37 38 6 8
351 37 42 60 3
352 37 20 12 47
234 37 28 2 62
353 37 8 58 36
354 37 26 38 7
355 37 16 64 25
356 38 40 58 10
12 38 32 80 15
357 38 38 26 8
115 38 30 4 72
358 38 36 28 1
359 38 24 38 16
15 38 14 50 48
250 38 4 66 7
360 38 20 38 1
252 38 4 16 5
16 38 70 2 18
88 38 28 34 15
361 38 80 102 31
362 38 16 36 22
102 38 16 66 15
363 38 20 44 16
18 38 14 50 15
364 38 16 22 3
181 39 12 122 14
365 39 52 36 4
127 39 20 32 7
366 39 18 14 21
367 39 58 18 6
368 39 28 42 17
369 39 48 98 29
44 39 12 6 14
157 39 28 56 12
370 39 8 20 4
371 39 28 20 1
273 39 28 30 9
38 39 18 26 15
203 39 16 40 9
372 39 60 30 17
153 40 40 4 11
373 40 38 120 19
206 40 28 58 19
266 40 12 2 20
374 40 12 124 33
375 40 84 36 28
83 40 36 42 22
376 40 44 46 3
377 40 84 94 39
378 41 50 36 13
135 41 16 24 9
16 41 8 2 19
379 41 68 36 13
123 41 38 54 12
159 41 22 34 2
380 41 10 92 19
381 41 80 20 9
125 41 56 12 35
113 42 6 16 2
382 42 60 32 1
383 42 40 14 12
214 42 12 56 3
384 42 96 30 40
178 42 14 50 4
385 42 34 54 34
386 42 48 72 9
192 42 12 136 15
387 42 56 46 1
238 43 30 6 45
388 43 46 16 3
231 43 16 26 4
389 43 22 28 1
390 43 20 12 1
391 43 26 58 34
44 43 16 4 15
392 43 112 12 5
309 43 16 28 63
158 43 14 36 23
393 43 16 2 1
394 43 8 66 4
63 43 8 44 16
262 43 24 60 17
49 43 44 2 80
111 43 30 6 11
75 43 12 2 52
395 44 54 22 29
396 44 54 26 12
42 44 4 62 19
397 44 20 26 1
82 44 38 68 10
164 44 46 66 6
398 44 64 34 3
399 44 20 66 6
400 44 58 42 22
401 44 20 72 25
402 44 18 24 18
141 44 12 6 11
67 44 24 10 3
179 44 34 4 20
244 44 24 26 22
403 44 138 40 13
220 45 10 2 43
286 45 18 72 2
68 45 36 38 38
151 45 28 54 8
404 45 72 8 27
405 45 24 34 19
406 45 12 24 7
59 45 12 36 23
407 45 20 12 29
134 45 28 46 10
408 45 90 62 20
150 46 18 36 23
409 46 22 68 4
2 46 16 38 3
176 46 32 24 21
17 46 20 58 12
410 46 84 84 13
236 46 12 46 2
301 46 20 2 28
19 46 10 34 43
411 46 60 30 10
412 47 6 32 23
103 47 14 30 58
230 47 10 66 19
1 47 30 58 4
413 47 42 70 13
414 47 100 60 8
119 47 14 60 7
415 47 72 34 34
416 47 68 32 23
122 47 22 2 49
417 47 36 38 8
418 47 14 170 24
256 48 12 30 9
86 48 58 62 59
419 48 12 76 12
234 48 14 2 63
420 48 30 62 13
140 48 16 40 14
421 48 110 26 19
301 48 16 2 29
422 48 116 10 4
168 48 20 38 3
204 49 34 2 23
221 49 18 34 8
423 49 80 70 4
223 49 22 40 4
210 49 16 32 22
211 49 26 56 38
424 49 80 80 42
107 49 20 48 8
32 49 38 76 15
60 49 32 84 26
300 49 8 22 14
191 49 40 4 17
425 49 82 32 63
426 49 46 34 14
427 49 26 14 33
428 50 66 76 20
429 50 46 108 13
11 50 26 66 21
430 50 80 44 16
4 50 86 82 31
431 50 10 54 1
234 50 10 2 64
285 51 30 36 13
347 51 12 48 12
200 51 10 66 10
297 51 18 120 35
7 51 80 4 29
121 51 46 32 35
137 51 4 146 21
235 51 20 64 15
432 51 92 64 36
433 51 54 80 3
264 51 12 2 21
266 52 26 6 21
434 52 16 54 13
278 52 14 2 32
184 52 14 44 8
242 52 22 48 8
435 52 26 24 16
364 52 28 22 4
110 52 14 38 35
436 53 18 2 28
154 53 18 26 4
114 53 30 46 9
437 53 42 58 4
199 53 20 26 22
298 53 14 56 2
438 53 86 36 9
64 53 24 2 29
227 53 14 26 9
439 53 20 92 21
303 53 26 22 14
78 54 20 58 12
440 54 116 80 12
441 54 48 118 16
106 54 40 4 57
442 54 46 128 19
132 54 32 164 15
352 54 14 60 48
233 54 10 10 3
443 54 14 12 8
197 55 6 6 4
444 55 80 40 16
445 55 22 60 16
446 55 44 40 4
56 55 54 188 46
44 55 28 2 16
299 55 22 22 13
447 55 22 46 8
448 55 20 56 14
141 55 18 2 12
49 55 32 2 81
180 55 50 2 3
219 55 10 104 9
220 56 18 2 44
449 56 28 48 10
197 56 22 30 5
450 56 18 32 11
182 56 10 2 21
451 56 100 28 44
452 56 46 72 18
94 56 36 28 36
278 56 24 2 33
453 56 22 24 6
454 56 78 26 17
289 56 16 22 18
177 56 4 58 11
455 57 36 48 15
456 57 26 10 19
280 57 32 56 9
46 57 104 24 36
457 57 78 32 33
260 57 16 78 21
274 57 18 26 6
179 57 20 2 21
458 58 72 18 5
196 58 34 46 8
239 58 50 2 14
50 58 2 70 39
201 58 4 2 13
321 58 26 10 8
74 58 18 64 20
365 59 12 36 5
459 59 78 72 20
143 59 12 2 27
115 59 6 2 73
69 59 14 28 6
460 59 114 118 2
201 59 22 6 14
100 59 28 86 12
135 59 22 100 10
47 59 2 96 12
461 59 28 44 32
462 59 28 24 1
302 59 20 40 50
264 59 18 2 22
340 59 8 46 14
126 60 48 56 3
463 60 80 40 24
20 60 66 32 24
464 60 78 20 28
143 60 2 4 28
257 60 32 28 2
115 60 20 2 74
317 60 12 40 2
220 61 24 4 45
113 61 30 38 3
465 61 28 70 30
466 61 16 54 1
467 61 108 120 17
290 61 26 30 17
124 61 16 38 20
40 61 2 74 5
263 61 20 22 21
468 61 26 30 7
142 62 16 84 14
204 62 28 2 24
469 62 30 116 17
14 62 56 46 17
241 62 8 2 11
96 62 24 28 29
149 62 38 60 5
470 62 76 138 11
101 62 22 38 13
111 62 40 18 12
112 62 4 50 68
324 63 22 66 10
471 63 20 22 16
472 63 8 66 20
98 63 40 96 29
473 63 28 76 11
108 63 46 20 10
474 63 104 40 19
261 63 24 12 42
180 63 20 2 4
475 63 74 42 15
476 64 12 48 1
277 64 16 2 10
477 64 86 100 5
29 64 60 50 30
478 64 14 32 1
249 64 10 10 7
479 64 86 36 4
480 64 60 14 2
481 64 94 24 20
271 64 6 6 24
482 64 74 94 23
483 64 16 38 10
484 64 62 62 6
485 65 34 84 76
127 65 16 78 8
21 65 18 62 10
357 65 16 46 9
367 65 10 62 7
144 65 78 36 50
407 65 30 70 30
133 65 68 22 12
339 65 22 42 22
67 65 16 38 4
193 65 16 62 11
256 66 6 10 10
240 66 20 58 13
486 66 78 56 24
51 66 34 36 74
487 66 78 56 35
488 66 48 56 12
278 66 14 2 34
241 66 12 2 12
165 66 26 116 22
234 66 30 2 65
489 66 78 40 19
122 66 26 2 50
301 66 16 4 30
0 67 102 92 11
412 67 8 26 24
143 67 24 2 29
53 67 16 86 17
79 67 68 48 41
129 67 40 34 4
116 67 92 6 27
490 67 10 42 27
406 67 32 22 8
491 67 54 86 3
342 67 8 12 7
88 67 4 36 16
362 67 18 38 23
191 67 6 2 18
492 67 84 120 25
304 67 20 72 11
395 68 10 62 30
330 68 38 4 5
128 68 54 50 16
105 68 8 12 3
493 68 80 86 25
155 68 56 60 16
30 68 32 30 18
383 68 18 24 13
308 68 22 60 2
392 68 8 46 6
270 68 46 6 20
494 68 44 100 10
34 68 58 134 16
6 68 74 50 6
495 68 86 38 2
417 68 8 150 9
38 68 24 64 16
443 68 22 72 9
204 69 26 6 25
436 69 24 2 29
496 69 148 36 15
252 69 32 46 6
497 69 64 22 17
398 69 4 108 4
498 69 40 58 26
344 69 2 36 35
49 69 26 2 82
499 69 144 20 30
105 70 10 80 4
154 70 20 30 5
500 70 114 4 40
501 70 98 36 60
25 70 16 60 21
341 70 50 6 43
502 70 12 64 3
136 70 52 32 21
363 70 18 18 17
403 70 8 66 14
207 71 36 68 9
231 71 12 80 5
503 71 78 32 21
349 71 24 48 2
16 71 34 2 20
233 71 4 30 4
504 71 90 52 19
315 72 28 72 35
287 72 38 42 25
331 72 20 64 51
505 72 20 16 11
306 72 18 70 39
506 72 20 52 9
248 72 22 26 3
224 72 48 138 25
507 72 88 42 37
508 72 86 92 31
61 72 42 32 4
335 72 8 72 20
509 72 96 20 16
18 72 42 152 16
191 72 28 2 19
76 72 24 42 9
265 73 20 36 4
389 73 16 22 2
358 73 24 60 2
258 73 34 28 5
130 73 18 32 12
173 73 24 42 29
131 73 10 62 28
510 73 80 26 20
158 73 20 26 24
511 73 16 42 1
274 73 26 46 7
402 73 34 56 19
39 73 22 60 4
512 73 96 28 45
19 73 12 24 44
246 73 24 100 3
390 74 14 32 2
513 74 22 50 1
514 74 62 72 29
405 74 14 26 20
41 74 8 20 4
515 74 4 2 1
45 74 24 156 22
59 74 18 134 24
33 74 22 84 28
334 74 32 10 3
350 74 34 6 9
322 74 22 64 10
37 74 20 34 25
140 74 22 140 15
64 74 50 6 30
65 74 28 56 32
254 74 56 16 18
239 75 14 2 15
366 75 22 32 22
23 75 38 30 59
359 75 18 32 17
516 75 16 80 19
378 75 14 22 14
517 75 30 60 36
133 75 14 30 13
281 75 70 22 49
109 75 80 90 11
518 75 24 48 1
216 75 60 38 14
323 75 50 56 6
203 75 14 56 10
218 75 22 14 13
519 76 24 36 21
388 76 44 30 4
24 76 24 44 12
55 76 68 32 5
249 76 18 40 8
97 76 30 78 4
309 76 26 36 64
435 76 10 18 17
63 76 12 66 17
371 76 52 32 2
139 76 10 12 11
520 77 28 48 8
521 77 16 118 25
522 77 60 62 15
146 77 70 114 41
121 77 22 14 36
273 77 24 82 10
421 77 18 126 20
190 77 14 68 11
523 77 60 68 20
422 77 30 8 5
91 77 70 46 29
524 77 96 82 16
525 78 68 62 21
526 78 38 38 52
333 78 24 50 9
272 78 54 88 12
122 78 16 2 51
227 78 24 66 10
244 78 16 114 23
364 78 8 44 5
162 78 20 38 19
458 79 20 26 6
27 79 74 62 41
77 79 54 12 53
70 79 68 30 50
368 79 12 72 18
42 79 18 24 20
456 79 16 150 20
241 79 20 6 13
527 79 96 18 49
83 79 22 68 23
528 79 20 10 50
289 79 10 20 19
320 79 58 54 3
529 79 22 32 13
102 79 24 32 16
160 79 38 64 20
530 79 52 38 14
531 80 28 6 1
450 80 16 34 12
532 80 6 18 1
533 80 52 38 43
278 80 18 2 35
71 80 52 36 32
16 80 36 2 21
299 80 14 20 14
26 80 66 30 4
92 81 6 26 18
221 81 20 18 9
163 81 18 74 10
183 81 22 4 16
305 81 36 30 3
534 81 24 18 1
535 81 190 108 13
58 81 54 40 40
342 81 26 8 8
536 81 74 90 27
537 81 64 44 16
387 81 16 40 2
111 81 24 22 13
355 81 12 100 26
194 81 70 78 28
313 81 4 36 8
382 82 40 18 2
15 82 26 72 49
210 82 12 70 23
43 82 80 28 26
538 82 90 86 19
176 82 26 64 22
282 82 38 64 44
539 82 12 136 12
283 82 28 24 2
376 82 12 30 4
90 82 78 14 17
303 82 24 12 15
256 83 20 40 11
171 83 76 30 22
184 83 14 36 9
269 83 26 38 51
497 83 12 48 18
350 83 14 6 10
300 83 38 60 15
234 83 10 2 66
540 83 30 58 17
301 83 26 4 31
170 84 104 58 4
116 84 16 2 28
307 84 24 60 20
199 84 20 26 23
57 84 54 4 19
225 84 86 26 38
541 84 152 48 6
134 84 14 12 11
542 84 50 42 13
343 84 18 30 2
261 84 50 42 43
543 84 54 16 9
422 84 10 18 6
412 85 26 38 25
103 85 50 48 59
436 85 20 2 30
277 85 18 2 11
348 85 50 76 2
211 85 26 58 39
268 85 86 22 74
167 85 40 44 34
48 85 18 66 23
123 85 24 28 13
284 85 48 58 27
239 86 26 6 16
151 86 18 100 9
455 86 4 30 16
318 86 22 64 10
310 86 30 24 23
119 86 12 44 8
321 86 18 44 9
158 86 12 60 25
431 86 18 10 2
544 86 112 68 11
168 86 14 34 4
169 86 40 34 33
411 86 50 58 11
13 87 104 66 23
156 87 12 22 16
326 87 70 18 32
545 87 114 2 21
214 87 8 46 4
85 87 90 20 3
5 87 10 214 3
394 87 14 32 5
339 87 2 66 23
138 87 54 12 4
509 87 18 86 17
245 87 26 2 23
426 87 24 70 15
546 88 10 28 1
241 88 8 6 14
397 88 42 44 2
341 88 40 2 44
547 88 36 54 14
351 88 6 42 4
461 88 22 96 33
122 88 14 2 52
363 88 4 36 18
291 88 38 42 19
499 88 28 72 31
427 88 48 80 34
195 88 62 68 3
548 89 82 34 22
247 89 92 56 3
183 89 14 2 17
41 89 8 38 5
2 89 42 14 4
178 89 38 80 5
396 90 48 40 13
115 90 30 6 75
413 90 6 64 14
549 90 96 78 30
201 90 30 2 15
550 90 24 32 1
157 90 18 130 13
36 90 98 4 25
551 90 88 58 29
64 90 8 2 31
253 90 22 84 7
217 90 14 162 9
49 90 20 4 83
110 90 8 30 36
365 91 14 20 6
552 91 30 50 1
330 91 24 6 6
77 91 6 96 54
230 91 24 62 20
54 91 60 58 27
145 91 92 114 26
462 91 24 38 2
150 92 32 60 24
68 92 56 10 39
23 92 8 52 60
347 92 10 38 13
409 92 12 32 5
553 92 48 178 11
62 92 46 56 54
554 92 98 50 12
139 92 10 36 12
179 92 60 2 22
366 93 24 46 23
390 93 4 34 3
267 93 42 6 10
360 93 46 38 2
555 93 12 94 2
338 93 82 120 44
334 93 20 58 4
447 93 8 2 9
234 93 16 6 67
328 93 76 44 46
159 93 42 212 3
191 93 28 4 20
381 93 58 32 10
295 94 42 68 31
206 94 22 52 20
357 94 20 92 10
404 94 70 70 28
453 94 40 48 7
556 94 54 26 11
534 94 10 82 2
242 94 10 54 9
557 94 22 70 1
16 94 16 2 22
87 94 128 96 8
67 94 14 20 5
483 94 36 110 11
294 95 14 8 29
437 95 18 42 5
80 95 26 10 15
558 95 178 18 10
212 95 90 198 16
481 95 4 34 21
164 95 18 48 7
384 95 38 64 41
528 95 34 168 51
311 95 16 48 6
88 95 30 28 17
519 96 16 64 22
104 96 36 14 21
423 96 26 56 5
389 96 22 44 3
559 96 78 26 19
500 96 20 4 41
101 96 16 50 14
560 96 16 60 1
422 96 14 18 7
561 96 32 122 4
257 97 18 24 3
382 97 14 34 3
69 97 26 58 7
532 97 16 40 2
405 97 18 166 21
545 97 32 2 22
392 97 20 52 7
435 97 16 124 18
298 97 42 30 3
562 98 74 40 5
563 98 12 58 9
500 98 8 2 42
279 98 42 78 5
149 98 4 56 6
312 98 72 34 21
511 98 8 90 2
228 98 72 100 6
543 98 4 32 10
325 99 110 48 13
459 99 12 58 21
436 99 16 2 31
278 99 22 4 36
564 99 22 2 21
565 99 4 34 1
566 99 136 24 1
313 99 22 126 9
449 100 24 36 11
336 100 58 74 21
223 100 32 36 5
406 100 14 10 9
201 100 34 2 16
136 100 8 124 22
290 100 18 16 18
73 100 18 162 5
431 100 10 12 3
420 100 32 56 14
263 100 36 36 22
314 100 58 38 2
466 101 22 18 2
81 101 56 94 9
99 101 32 50 3
343 101 22 38 3
385 101 50 38 35
122 101 16 4 53
353 101 64 52 37
113 102 16 52 4
196 102 44 54 9
241 102 22 2 15
82 102 32 78 11
399 102 30 16 7
262 102 22 56 18
302 102 30 28 51
162 102 10 116 20
567 102 38 106 11
11 103 16 60 22
221 103 20 26 10
496 103 18 20 16
129 103 32 30 5
375 103 64 34 29
130 103 6 40 13
378 103 38 16 15
568 103 98 78 4
362 103 14 38 24
376 103 12 30 5
294 104 16 26 30
92 104 18 24 19
569 104 8 2 1
239 104 16 6 17
68 104 16 6 40
24 104 8 60 13
359 104 4 66 18
267 104 28 64 11
42 104 18 4 21
490 104 16 24 28
480 104 58 52 3
107 104 30 58 9
124 104 12 18 21
303 104 24 32 16
265 105 22 38 5
154 105 24 12 6
367 105 10 68 8
471 105 64 50 17
200 105 22 76 11
570 105 70 58 11
270 105 68 2 21
309 105 8 136 65
60 105 20 44 27
354 105 100 62 8
344 105 22 20 36
179 105 24 2 23
464 106 62 96 29
183 106 24 6 18
258 106 22 32 6
55 106 20 34 6
414 106 42 152 9
319 106 78 60 36
571 106 60 72 12
110 106 12 26 37
340 106 54 32 15
125 106 84 116 36
346 106 64 34 33
285 107 28 144 14
286 107 6 46 3
251 107 98 26 7
369 107 2 12 30
337 107 58 44 21
187 107 64 36 10
495 107 52 42 3
89 107 22 2 24
380 107 20 58 20
19 107 14 34 45
51 108 30 62 75
114 108 26 38 10
222 108 46 120 11
478 108 48 34 2
572 108 156 76 23
241 108 22 2 16
479 108 36 140 5
352 108 34 52 49
188 108 38 134 4
277 109 54 6 12
21 109 14 16 11
488 109 16 70 13
434 109 18 2 14
80 109 38 56 16
573 109 22 38 1
248 109 30 38 4
95 109 16 18 17
215 109 84 76 10
233 109 36 44 5
448 109 18 56 15
386 109 42 18 10
301 109 46 4 32
168 109 4 68 5
76 109 16 30 10
388 110 14 26 5
186 110 76 56 17
232 110 26 42 4
280 110 14 102 10
416 110 80 198 24
431 110 18 24 4
530 110 4 82 15
30 111 32 40 19
369 111 12 26 31
296 111 98 74 21
341 111 12 4 45
108 111 64 10 11
36 111 32 2 26
121 111 38 24 37
287 112 28 18 26
574 112 14 18 1
93 112 46 72 4
341 112 10 2 46
139 112 8 24 13
575 112 18 24 1
330 113 34 4 7
1 113 24 48 5
305 113 32 28 4
440 113 24 62 13
249 113 28 36 9
131 113 14 34 29
564 113 24 2 22
2 113 22 156 5
214 113 18 28 5
216 113 16 86 15
67 113 14 68 6
179 113 8 6 24
240 114 14 106 14
257 114 18 24 4
406 114 22 98 10
64 114 40 6 32
39 114 28 40 5
160 114 8 46 21
395 115 10 96 31
14 115 16 26 18
173 115 12 34 30
576 115 86 54 1
577 115 24 56 1
454 115 60 158 18
408 115 52 224 21
335 115 12 70 21
124 115 26 28 22
439 115 26 80 22
444 116 72 32 17
278 116 18 2 37
184 116 4 44 10
42 116 26 6 22
419 116 42 32 13
497 116 8 28 19
120 116 24 74 6
234 116 40 2 68
40 116 18 170 6
364 116 20 58 6
111 116 42 24 14
205 117 80 90 15
104 117 26 36 22
197 117 58 70 6
347 117 4 32 14
409 117 20 34 6
31 117 56 84 23
327 117 4 60 7
133 117 32 40 14
578 117 26 16 1
35 117 30 64 10
474 117 46 90 20
529 117 24 20 14
394 117 24 98 6
274 117 26 16 8
301 117 22 2 33
465 118 20 26 31
78 118 46 24 13
306 118 30 34 40
383 118 62 36 14
3 118 142 6 121
342 118 42 68 9
85 118 32 34 4
502 118 16 94 4
579 118 20 52 1
16 118 32 2 23
119 118 16 84 9
122 118 12 2 54
371 118 22 46 3
236 118 64 22 3
422 118 24 18 8
245 118 48 2 24
580 118 34 20 1
256 119 20 38 12
358 119 28 48 3
299 119 48 28 15
518 119 24 14 2
475 119 50 48 16
562 120 16 90 6
324 120 28 60 11
506 120 14 58 10
117 120 42 40 7
472 120 46 32 21
47 120 26 40 13
290 120 16 14 19
370 120 130 12 5
63 120 30 20 18
302 120 14 22 52
292 121 112 2 24
500 121 36 2 43
545 121 18 2 23
100 121 16 78 13
400 121 54 56 23
193 121 26 32 12
304 121 24 64 12
450 122 26 20 13
490 122 4 42 29
123 122 18 32 14
540 122 16 38 18
412 123 18 30 26
458 123 42 58 7
277 123 14 2 13
581 123 54 26 47
446 123 60 34 5
360 123 6 90 3
341 123 10 6 47
385 123 18 14 36
361 123 46 92 32
401 123 52 36 26
38 123 38 68 17
443 123 18 18 10
425 123 82 4 64
387 123 26 46 3
452 124 40 36 19
564 124 10 2 23
86 124 66 56 60
46 124 64 158 37
148 124 84 44 21
351 124 24 66 5
254 124 66 36 19
468 124 56 46 8
19 124 30 44 46
112 124 58 16 69
181 125 14 68 15
129 125 8 30 6
199 125 44 46 24
407 125 18 146 31
399 125 18 66 8
260 125 36 94 22
543 125 26 40 11
433 125 16 24 4
126 126 48 20 4
329 126 22 2 28
142 126 22 42 15
294 126 18 74 31
485 126 30 106 77
356 126 84 50 11
221 126 14 42 11
436 126 50 6 32
163 126 26 110 11
172 126 154 46 2
558 126 14 18 11
473 126 28 38 12
491 126 20 32 4
300 126 8 50 16
415 126 82 62 35
138 126 60 8 5
122 126 14 2 55
344 126 20 62 37
403 126 30 60 15
152 126 104 136 11
546 127 34 22 2
292 127 30 2 25
373 127 24 110 20
564 127 24 4 24
32 127 58 20 16
554 127 20 74 13
226 127 88 162 9
582 127 16 18 1
245 127 14 2 25
255 127 12 136 16
583 128 24 12 1
209 128 100 22 30
532 128 20 14 3
98 128 12 48 30
341 128 14 2 48
166 128 126 98 29
547 128 22 42 15
102 128 34 64 17
284 128 12 50 28
293 129 110 4 63
287 129 18 60 27
584 129 16 2 1
278 129 32 6 38
43 129 64 36 27
269 129 26 24 52
410 129 82 10 14
482 129 10 108 24
110 129 18 70 38
169 129 42 32 34
293 130 22 2 64
128 130 46 38 17
154 130 18 46 7
451 130 78 68 45
526 130 40 30 53
437 130 12 36 6
541 130 46 72 7
33 130 30 42 29
585 130 22 32 1
234 130 30 2 69
462 130 12 54 3
161 130 72 66 36
21 131 16 46 12
231 131 8 40 6
477 131 28 64 6
115 131 64 2 76
94 131 94 60 37
397 131 28 124 3
369 131 2 10 32
95 131 16 90 18
74 131 50 28 21
50 132 54 2 40
183 132 10 2 19
496 132 16 80 17
374 132 16 28 34
41 132 22 30 6
250 132 98 14 8
317 132 98 96 3
430 132 92 46 17
343 132 8 116 4
311 132 24 128 7
290 132 24 60 20
362 132 16 56 25
122 132 10 2 56
560 132 32 42 2
203 132 42 98 11
314 132 32 24 3
315 133 14 22 36
150 133 10 32 25
586 133 98 30 10
171 133 62 156 23
389 133 6 28 4
183 133 6 2 20
223 133 18 24 6
173 133 14 36 31
413 133 28 26 15
201 133 46 4 17
149 133 8 32 7
550 133 20 28 2
122 133 2 2 57
79 134 52 82 42
156 134 68 54 17
442 134 16 14 20
144 134 90 26 51
252 134 46 58 7
88 134 24 98 18
139 134 20 32 14
587 135 10 46 1
113 135 4 24 5
330 135 22 4 8
130 135 14 48 14
297 135 10 22 36
232 135 18 18 5
281 135 78 8 50
320 135 18 86 4
158 135 22 92 26
122 135 12 4 58
192 135 14 34 16
291 135 24 8 20
365 136 44 64 7
206 136 12 2 21
382 136 22 30 4
29 136 60 26 31
445 136 82 32 17
453 136 40 20 8
378 136 52 20 16
588 136 6 32 1
71 136 64 26 33
58 136 68 26 41
589 136 10 56 1
323 136 34 64 7
433 136 14 56 5
190 136 50 32 12
263 136 26 38 23
377 136 64 64 40
92 137 30 10 20
349 137 56 8 3
307 137 30 112 21
500 137 28 2 44
213 137 98 26 10
97 137 16 66 5
83 137 24 18 24
108 137 36 68 12
321 137 52 56 10
177 137 86 54 12
282 137 14 42 45
431 137 24 16 5
420 137 20 76 15
17 137 80 16 13
363 137 36 82 19
429 138 40 76 14
333 138 50 40 10
517 138 38 22 37
259 138 154 20 4
498 138 74 128 27
566 138 16 46 2
273 138 16 6 11
227 138 26 90 11
432 138 76 102 37
376 138 20 42 6
195 138 16 80 4
126 139 20 12 5
276 139 20 72 7
563 139 18 160 10
366 139 14 82 24
390 139 46 82 4
248 139 22 14 5
210 139 46 50 24
507 139 74 120 38
565 139 30 52 2
370 139 16 12 6
76 139 4 18 11
0 140 26 86 12
331 140 32 124 52
347 140 22 96 15
55 140 40 32 7
501 140 90 42 61
494 140 24 36 11
61 140 66 24 5
529 140 22 64 15
137 140 26 160 22
340 140 22 34 16
246 140 12 70 4
286 141 8 54 4
207 141 52 40 10
23 141 16 24 61
368 141 42 16 19
326 141 54 32 33
96 141 92 60 30
214 141 10 14 6
36 141 48 2 27
63 141 12 14 19
11 142 22 76 23
70 142 88 20 51
258 142 22 44 7
424 142 86 20 43
225 142 64 52 39
99 142 34 84 4
322 142 58 34 11
233 142 30 36 6
590 142 40 20 1
353 142 24 72 38
303 142 34 46 17
355 142 20 78 27
381 142 52 68 11
115 143 20 4 77
268 143 64 20 75
122 143 10 4 59
380 143 20 72 21
103 144 24 30 60
388 144 46 44 6
105 144 40 150 5
42 144 42 6 23
558 144 26 20 12
386 144 34 22 11
50 145 24 2 41
68 145 56 108 41
257 145 28 32 5
466 145 64 80 3
106 145 132 2 58
202 145 78 64 49
334 145 20 58 5
350 145 94 2 11
582 145 6 26 2
422 145 10 26 9
292 146 22 4 26
520 146 60 98 9
486 146 74 68 25
78 146 14 54 14
211 146 18 18 40
500 146 8 2 45
251 146 46 100 8
392 146 20 84 8
460 146 20 44 3
578 146 20 38 2
167 146 56 44 35
489 146 74 56 20
512 146 80 20 46
69 147 26 82 8
455 147 74 48 17
184 147 10 30 11
30 147 30 100 20
60 147 28 66 28
134 147 84 22 12
341 147 36 2 49
176 147 26 70 23
90 147 86 34 18
218 147 90 4 14
13 148 40 52 24
442 148 8 18 21
107 148 8 56 10
164 148 4 60 8
274 148 24 54 9
253 148 24 2 8
245 148 16 4 26
411 148 32 52 12
127 149 68 34 9
436 149 38 2 33
591 149 10 46 8
1 149 40 54 6
6 149 88 50 7
509 149 18 22 18
291 149 20 76 21
245 149 20 2 27
546 150 10 20 3
265 150 24 42 6
305 150 26 16 5
14 150 40 66 19
570 150 28 30 12
497 150 16 20 20
283 150 82 20 3
425 150 38 140 65
219 150 68 16 10
76 150 10 20 12
256 151 8 24 13
583 151 18 124 2
277 151 48 2 14
247 151 50 140 4
527 151 94 18 50
85 151 26 18 5
62 151 36 34 55
64 151 54 2 33
428 152 98 140 21
24 152 20 32 14
517 152 18 128 38
522 152 48 72 16
279 152 2 76 6
201 152 16 2 18
135 152 38 142 11
122 152 14 4 60
39 152 24 30 6
519 153 20 34 23
465 153 42 38 32
459 153 36 70 22
505 153 100 116 12
480 153 32 32 4
113 154 18 32 6
450 154 22 64 14
106 154 12 4 59
131 154 32 104 30
592 154 24 44 1
511 154 8 44 3
370 154 14 36 7
123 154 24 26 15
575 154 56 42 2
476 155 106 50 2
27 155 58 68 42
574 155 58 112 2
469 155 32 58 18
306 155 6 32 41
359 155 10 112 19
581 155 44 76 48
211 155 4 20 41
555 155 20 56 3
371 155 24 24 4
443 155 30 38 11
302 155 16 10 53
142 156 8 52 16
552 156 46 134 2
593 156 20 36 1
441 156 70 48 17
41 156 36 10 7
269 156 30 58 53
383 156 20 20 15
508 156 32 44 32
133 156 16 4 15
299 156 38 34 16
594 156 90 30 1
495 156 14 44 4
544 156 48 36 12
124 156 30 14 23
196 157 26 54 10
423 157 30 92 6
559 157 62 58 20
532 157 16 20 4
187 157 50 76 11
595 157 22 38 1
402 157 60 94 20
65 157 68 44 33
111 157 32 6 15
151 158 12 38 10
23 158 10 44 62
54 158 70 16 28
348 158 30 32 3
409 158 26 40 7
117 158 14 48 8
308 158 100 42 3
369 158 40 58 33
297 158 8 12 37
178 158 30 34 6
121 158 48 78 38
339 158 64 56 24
138 158 38 6 6
261 158 76 90 44
273 158 6 58 12
92 159 16 28 21
197 159 14 60 7
150 159 12 22 26
230 159 32 76 21
53 159 78 24 18
115 159 30 2 78
249 159 12 40 10
419 159 54 180 14
101 159 46 48 15
540 159 8 30 19
236 159 32 40 4
596 159 90 36 1
356 160 22 44 12
525 160 66 12 22
172 160 14 6 3
573 160 38 116 2
500 160 46 2 46
132 160 22 86 16
398 160 40 114 5
470 160 38 24 12
272 160 44 46 13
36 160 22 6 28
91 160 88 64 30
389 161 24 18 5
533 161 70 44 44
564 161 34 6 25
481 161 98 30 22
510 161 136 80 21
74 161 26 218 22
37 161 122 30 26
244 161 16 70 24
284 161 22 30 29
387 161 14 78 4
449 162 66 92 12
154 162 14 36 8
358 162 12 38 4
437 162 26 32 7
556 162 88 70 12
248 162 24 36 6
588 162 22 60 2
577 162 40 58 2
165 162 18 66 23
301 162 40 2 34
364 162 32 8 7
126 163 8 24 6
229 163 134 52 26
221 163 4 124 12
487 163 84 28 36
404 163 46 38 29
440 163 26 92 14
534 163 36 138 3
33 163 12 14 30
4 163 86 30 32
401 163 20 66 27
64 163 26 2 34
160 163 34 122 22
111 163 16 20 16
292 164 26 2 27
453 164 14 48 9
173 164 20 44 32
442 164 18 60 22
491 164 14 44 5
232 164 28 78 6
133 164 26 6 16
61 164 28 56 6
298 164 58 20 4
542 164 72 98 14
48 164 60 68 24
139 164 6 46 15
112 164 68 66 70
314 164 12 38 4
198 165 132 100 49
223 165 28 20 7
200 165 12 22 12
214 165 26 30 7
384 165 72 8 42
34 165 28 106 17
543 165 14 46 12
418 165 12 66 25
530 165 22 4 16
468 165 24 58 9
458 166 36 8 8
103 166 22 26 61
478 166 60 38 3
374 166 32 74 35
129 166 22 42 7
327 166 18 68 8
201 166 24 2 19
579 166 12 34 2
253 166 6 6 9
499 166 56 32 32
325 167 48 64 14
396 167 88 10 14
382 167 18 58 5
452 167 22 30 20
576 167 22 62 2
597 167 20 46 1
490 167 26 46 30
598 167 24 2 1
385 167 54 38 37
262 167 46 58 19
169 167 16 36 35
436 168 12 2 34
488 168 22 46 14
93 168 18 52 5
42 168 18 2 24
318 168 70 246 11
547 168 18 28 16
282 168 24 82 46
599 168 14 32 1
448 168 72 110 16
421 168 26 142 21
218 168 46 4 15
427 168 32 28 35
286 169 18 64 5
50 169 44 2 42
357 169 10 18 11
134 169 26 180 13
319 169 56 44 37
497 169 20 22 21
302 169 16 50 54
231 170 26 30 7
348 170 12 76 4
549 170 44 72 31
259 170 46 58 5
281 170 50 36 51
35 170 20 32 11
590 170 8 32 2
582 170 20 8 3
462 170 14 72 4
335 170 28 26 22
21 171 20 44 13
114 171 74 52 11
514 171 86 48 30
413 171 12 2 16
564 171 14 6 26
252 171 14 12 8
467 171 40 60 18
431 171 28 26 6
566 171 16 14 3
283 171 24 16 4
328 171 76 10 47
124 171 16 56 24
304 171 28 28 13
346 171 46 42 34
256 172 20 34 14
292 172 20 4 28
587 172 24 62 2
77 172 26 64 55
526 172 36 24 54
305 172 18 44 6
521 172 30 96 26
15 172 56 38 50
446 172 64 34 6
82 172 32 68 12
312 172 76 42 22
157 172 20 60 14
235 172 130 60 16
546 173 18 18 4
315 173 58 78 37
436 173 16 6 35
106 173 10 6 60
565 173 32 40 3
85 173 2 46 6
341 173 34 2 50
350 173 40 4 12
63 173 16 50 20
417 173 20 42 10
376 173 20 40 7
194 173 86 62 29
76 173 14 42 13
115 174 12 6 79
54 174 10 26 29
59 174 30 56 25
337 174 74 24 22
47 174 52 24 14
293 175 64 4 65
287 175 10 46 28
51 175 70 14 76
184 175 18 30 12
535 175 48 54 14
383 175 10 78 16
201 175 16 2 20
120 175 30 62 7
36 175 26 2 29
560 175 8 72 3
364 175 20 38 8
395 176 22 12 32
170 176 82 44 5
306 176 22 66 42
32 176 82 12 17
136 176 14 82 23
18 176 10 134 17
403 176 8 54 16
524 176 102 70 17
92 177 18 26 22
357 177 8 16 12
506 177 48 66 11
375 177 92 22 30
57 177 134 20 20
242 177 92 26 10
473 177 34 152 13
435 177 22 6 19
351 177 8 18 6
399 177 22 24 9
122 177 18 2 61
492 177 76 52 26
150 178 20 14 27
600 178 20 32 1
532 178 10 16 5
83 178 24 38 25
342 178 32 32 10
350 178 12 2 13
539 178 36 56 13
422 178 32 6 10
19 178 30 38 47
207 179 4 20 11
128 179 34 54 18
550 179 48 32 3
601 179 26 20 1
389 180 22 60 6
41 180 12 70 8
536 180 80 16 28
300 180 48 78 17
233 180 14 18 7
400 180 56 24 24
394 180 12 22 7
602 181 18 18 1
250 181 66 36 9
564 181 12 2 27
460 181 34 26 4
100 181 14 46 14
538 181 80 50 20
252 181 10 74 9
123 181 4 16 16
239 182 122 6 18
24 182 22 34 15
513 182 130 26 2
456 182 18 206 21
413 182 30 2 17
603 182 8 48 1
138 182 36 58 7
566 182 14 34 4
140 182 40 66 16
257 183 22 122 6
115 183 20 2 80
367 183 54 26 9
211 183 40 98 42
249 183 22 24 11
268 183 62 12 76
31 183 26 70 24
406 183 6 28 11
530 183 30 4 17
219 183 18 98 11
412 184 72 64 27
388 184 14 50 7
277 184 32 2 15
604 184 14 40 1
605 184 86 40 1
321 184 18 202 11
495 184 8 60 5
386 184 50 14 12
426 184 80 24 16
606 184 126 34 1
471 185 70 76 18
409 185 22 12 8
164 185 6 84 9
607 185 12 28 1
148 185 38 62 22
122 185 18 2 62
439 185 20 102 23
340 185 30 64 17
156 186 26 72 18
500 186 18 2 47
502 186 22 20 5
177 186 20 58 13
461 186 40 74 34
290 186 10 50 21
511 186 14 24 4
529 186 20 22 16
365 187 14 48 8
113 187 24 22 7
50 187 12 2 43
333 187 38 28 11
215 187 72 32 11
25 187 122 12 22
133 187 22 2 17
280 187 18 30 11
497 187 14 26 22
544 187 30 4 13
543 187 22 28 13
433 187 22 38 6
575 187 10 22 3
94 188 44 58 38
608 188 20 4 1
33 188 18 54 31
299 188 14 64 17
594 188 18 48 2
370 188 14 24 8
371 188 22 38 5
38 188 24 166 18
303 188 14 106 18
411 188 22 24 13
427 188 4 56 36
127 189 26 60 10
437 189 20 32 8
55 189 46 24 8
107 189 22 118 11
214 189 10 24 8
97 189 20 22 6
590 189 22 78 3
65 189 8 96 34
512 189 62 88 47
126 190 16 30 7
258 190 24 38 8
609 190 168 62 1
297 190 62 178 38
58 190 60 150 42
86 190 52 34 61
596 190 26 34 2
477 191 32 8 7
223 191 28 20 8
349 191 72 68 4
81 191 58 22 10
146 191 88 32 42
578 191 42 56 3
592 191 10 36 2
350 191 16 4 14
272 191 10 44 14
431 191 22 44 7
234 191 102 2 70
122 191 18 2 63
509 191 40 82 19
301 191 52 2 35
193 191 82 52 13
284 191 14 24 30
499 191 16 94 33
142 192 20 24 17
285 192 14 48 15
239 192 14 2 19
129 192 18 46 8
610 192 70 54 1
481 192 6 42 23
62 192 30 86 56
320 192 18 28 5
518 192 94 50 3
362 192 36 74 26
139 192 8 68 16
64 192 26 6 35
203 192 26 2 12
344 192 46 116 38
246 192 16 72 5
458 193 16 18 9
240 193 24 26 15
452 193 26 48 21
572 193 70 54 24
378 193 54 46 17
99 193 20 60 5
341 193 8 2 51
474 193 38 44 21
123 193 30 40 17
17 193 70 38 14
195 193 14 22 5
314 193 20 34 5
103 194 20 2 62
465 194 30 34 33
591 194 24 6 9
360 194 20 60 4
557 194 90 10 2
216 194 54 50 16
273 194 20 64 13
274 194 10 28 10
335 194 14 22 23
571 194 80 80 13
192 194 66 94 17
231 195 18 42 8
95 195 14 112 19
555 195 18 30 4
119 195 38 72 10
178 195 10 56 7
354 195 70 218 9
110 195 16 20 39
546 196 22 36 5
104 196 74 12 23
151 196 26 56 11
23 196 18 46 63
210 196 42 56 25
308 196 16 38 4
564 196 18 2 28
491 196 16 50 6
435 196 16 2 20
350 196 14 4 15
176 196 24 36 24
188 196 22 58 5
233 196 18 56 8
363 196 18 40 20
313 196 32 28 10
611 197 26 36 1
436 197 28 2 36
13 197 14 76 25
602 197 24 38 2
334 197 30 70 6
149 197 58 58 8
47 197 20 6 15
36 197 22 2 30
37 197 30 104 27
227 197 30 38 12
111 197 10 14 17
162 197 36 34 21
429 198 20 22 15
150 198 30 38 28
357 198 14 24 13
413 198 14 4 18
213 198 68 42 11
309 198 18 76 66
71 198 76 20 34
25 198 20 4 23
352 198 94 60 50
540 198 36 46 20
483 198 48 14 12
161 198 58 18 37
580 198 102 30 2
209 199 78 34 31
478 199 30 34 4
608 199 10 28 2
541 199 32 66 8
45 199 68 122 23
341 199 26 2 52
61 199 14 26 7
415 199 60 24 36
291 199 16 28 22
169 199 40 28 36
196 200 18 50 11
78 200 40 48 15
29 200 84 50 32
1 200 18 62 7
106 200 46 4 61
224 200 66 90 26
56 200 72 18 47
547 200 14 48 17
420 200 14 44 16
612 200 18 2 1
168 200 100 80 6
567 200 60 32 12
613 201 24 38 1
390 201 22 186 5
172 201 62 62 4
533 201 38 74 45
42 201 60 2 25
248 201 28 44 7
568 201 94 22 5
35 201 12 72 12
102 201 44 48 18
228 201 66 72 7
39 201 48 48 7
244 201 14 80 25
562 202 50 80 7
265 202 52 44 7
450 202 32 44 15
496 202 36 64 18
532 202 34 22 6
14 202 16 104 20
384 202 38 150 43
85 202 10 44 7
528 202 22 30 52
158 202 16 2 27
385 202 30 6 38
260 202 8 64 23
376 202 16 48 8
254 202 84 48 20
519 203 52 28 24
103 203 16 38 63
98 203 78 12 31
298 203 52 56 5
88 203 14 94 19
394 203 6 128 8
302 203 4 52 55
395 204 26 44 33
356 204 22 20 13
50 204 24 2 44
277 204 60 2 16
222 204 50 10 12
305 204 10 46 7
367 204 10 24 10
57 204 28 14 21
501 204 38 38 62
87 204 92 14 9
470 204 56 64 13
614 204 18 36 1
595 204 30 52 2
217 204 36 104 10
90 204 60 18 19
561 204 46 54 5
70 205 72 18 52
130 205 80 38 15
60 205 16 4 29
554 205 38 26 14
323 205 66 20 8
615 205 20 2 1
485 206 26 56 78
366 206 52 18 25
477 206 6 10 8
358 206 42 52 5
453 206 12 104 10
527 206 80 64 51
83 206 30 22 26
3 206 118 6 122
63 206 20 16 21
262 206 10 40 20
19 206 14 54 48
181 207 74 72 16
436 207 8 6 37
51 207 12 92 77
230 207 26 34 22
15 207 18 8 51
369 207 24 52 34
351 207 42 56 7
530 207 22 4 18
380 207 26 62 22
304 207 12 78 14
294 208 48 4 32
92 208 14 34 23
104 208 24 72 24
11 208 22 34 24
50 208 20 2 45
382 208 14 32 6
559 208 42 30 21
184 208 52 98 13
392 208 28 36 9
145 208 86 22 27
557 208 18 26 3
607 208 20 76 2
341 208 16 2 53
289 208 182 24 20
283 208 56 26 5
443 208 50 68 12
236 208 48 50 5
240 209 8 86 16
600 209 34 28 2
455 209 64 70 18
597 209 18 44 2
317 209 20 34 4
401 209 20 44 28
76 209 18 36 14
458 210 24 10 10
373 210 2 152 21
466 210 32 44 4
508 210 64 80 33
60 210 18 6 30
100 210 20 66 15
511 210 8 56 5
417 210 24 40 11
256 211 12 110 15
451 211 70 52 46
525 211 76 12 23
368 211 92 56 20
43 211 98 60 28
338 211 86 34 45
616 211 60 48 1
370 211 24 42 9
433 211 10 68 7
575 211 22 26 4
355 211 18 54 28
197 212 10 102 8
207 212 50 48 12
591 212 20 2 10
93 212 24 32 6
80 212 100 32 17
144 212 84 46 52
479 212 42 128 6
32 212 26 14 18
402 212 24 38 21
255 212 18 6 17
229 213 32 28 27
347 213 28 28 16
258 213 4 26 9
173 213 22 12 33
117 213 32 76 9
242 213 52 22 11
406 213 12 50 12
337 213 44 38 23
165 213 34 42 24
108 213 64 110 13
234 213 10 2 71
249 214 24 16 12
269 214 28 72 54
617 214 16 32 1
280 214 24 52 12
502 214 38 24 6
47 214 22 4 16
122 214 28 2 64
606 214 26 38 2
587 215 14 42 3
163 215 18 108 12
445 215 84 30 18
54 215 42 26 30
405 215 18 58 22
223 215 20 82 9
97 215 12 86 7
618 215 32 18 1
577 215 22 32 3
4 215 50 38 33
36 215 44 4 31
529 215 10 32 17
235 215 26 20 17
371 215 22 52 6
468 215 22 18 10
387 215 16 54 5
0 216 26 36 13
21 216 42 38 14
106 216 32 2 62
576 216 12 38 3
289 216 16 24 21
101 216 64 42 16
195 216 14 6 6
205 217 96 56 16
77 217 12 34 56
154 217 56 12 9
477 217 6 74 9
374 217 20 138 36
69 217 30 14 9
30 217 24 106 21
472 217 116 20 22
3 217 36 4 123
343 217 28 20 5
467 217 32 40 19
274 217 16 64 11
67 217 104 38 7
294 218 10 6 33
331 218 14 98 53
436 218 12 2 38
487 218 82 14 37
396 218 90 90 15
446 218 32 130 7
442 218 26 28 23
327 218 36 162 9
259 218 22 54 6
497 218 32 32 23
121 218 20 12 39
234 218 20 2 72
489 218 90 48 21
418 218 40 2 26
403 218 18 42 17
284 218 10 56 31
276 219 30 18 8
333 219 24 52 12
342 219 32 34 11
407 219 8 42 32
579 219 66 32 3
585 219 110 34 2
619 219 24 12 1
411 219 14 22 14
325 220 24 52 15
516 220 178 80 20
599 220 54 32 2
48 220 16 12 25
110 220 40 42 40
381 220 66 14 12
436 221 16 6 39
486 221 56 6 26
128 221 8 18 19
131 221 10 20 31
200 221 88 52 13
279 221 50 52 7
620 221 58 52 1
494 221 94 86 12
148 221 12 56 23
482 221 28 58 25
483 221 32 34 13
126 222 32 48 8
581 222 30 64 49
414 222 50 70 10
59 222 18 22 26
566 222 14 18 5
203 222 22 6 13
365 223 30 48 9
27 223 60 62 43
591 223 10 6 11
24 223 18 22 16
506 223 24 38 12
267 223 126 40 12
96 223 84 46 31
320 223 16 26 6
323 223 14 72 9
138 223 2 16 8
64 223 56 2 36
142 224 18 24 18
239 224 40 4 20
356 224 12 34 14
232 224 14 10 7
495 224 2 36 6
167 224 90 42 36
292 225 88 4 29
285 225 8 146 16
469 225 78 10 19
404 225 72 46 30
306 225 12 76 43
409 225 32 28 9
296 225 102 16 22
621 225 16 60 1
594 225 28 34 3
589 225 104 20 2
582 225 100 60 4
386 225 44 18 13
622 226 24 30 1
113 226 12 48 8
106 226 18 2 63
120 226 32 64 8
530 226 10 2 19
388 227 22 82 8
129 227 30 20 9
83 227 18 12 27
547 227 12 112 18
539 227 18 52 14
560 227 20 22 4
335 227 22 78 24
301 227 54 6 36
530 227 14 2 20
580 227 16 20 3
449 228 26 20 13
286 228 16 68 6
465 228 24 22 34
198 228 26 66 50
173 228 20 122 34
341 228 26 2 54
400 228 58 144 25
623 228 8 52 1
152 228 16 86 12
193 228 4 70 14
427 228 26 14 37
314 228 6 66 6
519 229 12 70 25
315 229 18 34 38
248 229 22 128 8
558 229 114 20 13
510 229 8 56 22
178 229 22 34 8
73 229 70 72 6
624 229 38 24 1
162 229 12 12 22
593 230 70 36 2
602 230 14 82 3
249 230 6 8 13
82 230 32 124 13
472 230 8 16 23
480 230 92 32 5
604 230 40 48 2
554 230 26 46 15
385 230 22 54 39
121 230 26 12 40
234 230 22 2 73
476 231 72 138 3
611 231 20 24 2
50 231 20 2 46
436 231 16 4 40
222 231 44 56 13
305 231 12 10 8
367 231 24 34 11
514 231 54 16 31
572 231 12 18 25
625 231 72 16 1
61 231 22 28 8
543 231 30 42 14
626 231 26 50 1
111 231 56 34 18
195 231 12 62 7
412 232 20 30 28
50 232 20 2 47
505 232 18 16 13
79 232 84 72 43
98 232 30 22 32
60 232 12 4 31
133 232 60 2 18
281 232 86 142 52
176 232 10 50 25
36 232 14 6 32
261 232 42 38 45
236 232 8 70 6
302 232 2 10 56
426 232 56 118 17
459 233 44 18 23
277 233 20 2 17
574 233 14 72 3
231 233 34 18 9
471 233 20 66 19
522 233 76 38 17
557 233 22 82 4
312 233 56 56 23
263 233 130 22 24
546 234 30 70 6
526 234 80 44 55
608 234 38 36 3
317 234 6 32 5
225 234 104 30 40
460 234 28 54 5
71 234 40 50 35
85 234 12 56 8
311 234 38 32 8
399 234 64 52 10
518 234 28 134 4
474 234 32 16 22
63 234 18 48 22
328 234 94 62 48
301 234 6 2 37
468 234 12 20 11
601 234 44 48 2
294 235 26 2 34
170 235 50 78 6
258 235 14 328 10
348 235 26 42 5
397 235 36 80 4
481 235 44 26 24
32 235 20 30 19
146 235 40 62 43
202 235 74 18 50
627 235 2 48 1
420 235 20 2 17
139 235 20 50 17
40 235 32 74 7
287 236 58 36 29
11 236 28 156 25
114 236 54 34 12
628 236 16 28 1
41 236 16 32 9
378 236 22 68 18
555 236 36 88 5
215 236 52 52 12
398 236 12 34 6
299 236 8 20 18
322 236 126 58 12
123 236 30 26 18
363 236 44 22 21
364 236 34 22 9
591 237 28 6 12
437 237 20 60 9
529 237 26 60 18
64 237 14 2 37
429 238 52 20 16
583 238 18 12 3
156 238 24 48 19
535 238 34 10 15
2 238 50 58 6
588 238 52 40 3
491 238 12 62 7
502 238 12 116 7
136 238 10 56 24
188 238 26 18 6
619 238 14 18 2
128 239 30 38 20
488 239 84 64 15
600 239 16 24 3
349 239 20 60 5
131 239 30 52 32
81 239 72 66 11
360 239 38 54 5
164 239 22 36 10
341 239 20 6 55
5 239 24 78 4
530 239 28 6 21
91 239 78 10 31
629 240 20 36 1
357 240 26 48 14
452 240 22 54 22
308 240 26 68 5
25 240 56 6 24
565 240 48 52 4
630 240 50 56 1
92 241 22 44 24
268 241 64 4 77
631 241 78 42 1
536 241 76 10 29
300 241 18 44 18
632 241 40 40 1
235 241 14 36 18
140 241 22 40 17
552 242 8 40 3
196 242 24 24 12
520 242 52 58 10
277 242 30 4 18
78 242 8 80 16
521 242 24 124 27
69 242 14 34 10
440 242 18 60 15
441 242 74 62 18
249 242 18 16 14
517 242 12 60 39
60 242 10 4 32
33 242 38 70 32
252 242 24 82 10
36 242 26 6 33
260 242 16 14 24
340 242 32 110 18
255 242 44 6 18
346 242 72 56 35
633 242 14 26 1
150 243 12 36 29
151 243 18 26 12
24 243 10 94 17
83 243 14 50 28
60 243 18 2 33
603 243 68 60 2
431 243 18 72 8
339 243 72 22 25
283 243 30 20 6
159 243 48 124 4
376 243 10 26 9
418 243 40 2 27
596 243 54 20 3
634 244 10 48 1
292 244 22 2 30
556 244 50 34 13
597 244 8 64 3
201 244 96 4 21
411 244 22 12 15
246 244 24 24 6
395 245 28 34 34
154 245 44 46 10
209 245 50 30 32
165 245 18 40 25
320 245 22 32 7
542 245 58 40 15
511 245 10 94 6
402 245 18 38 22
17 245 68 32 15
262 245 34 68 21
254 245 54 30 21
301 245 24 2 38
194 245 58 28 30
221 246 14 6 13
54 246 12 48 31
375 246 72 56 31
609 246 32 26 2
570 246 128 32 13
541 246 18 64 9
99 246 8 72 6
187 246 92 110 12
6 246 106 22 8
157 246 50 44 15
401 246 4 12 29
635 246 54 80 1
449 247 20 52 14
276 247 44 36 9
450 247 22 62 16
389 247 42 76 7
347 247 16 16 17
250 247 60 52 10
392 247 14 26 10
577 247 26 26 4
133 247 32 4 19
135 247 24 64 12
415 247 68 44 37
370 247 20 22 10
234 247 24 2 74
353 247 74 50 39
566 247 30 62 6
162 247 14 40 23
313 247 38 68 11
76 247 30 32 15
0 248 16 72 14
113 248 18 94 9
239 248 48 4 21
356 248 16 90 15
636 248 10 16 1
409 248 30 72 10
56 248 62 70 48
138 248 32 86 9
439 248 20 84 24
403 248 22 22 18
93 249 14 16 7
406 249 22 28 13
454 249 66 44 19
578 249 30 34 4
579 249 14 22 4
177 249 52 70 14
355 249 10 28 29
207 250 18 34 13
610 250 38 22 2
490 250 90 58 31
25 250 14 2 25
538 250 60 102 21
233 250 26 48 9
290 250 80 26 22
595 250 26 22 3
227 250 44 66 13
39 250 42 18 8
637 251 30 54 1
532 251 64 94 7
106 251 34 2 64
55 251 68 36 9
558 251 6 16 14
3 251 38 4 124
60 251 16 2 34
528 251 38 210 53
299 251 26 32 19
589 251 20 92 3
560 251 26 30 5
67 251 12 54 8
530 251 18 2 22
427 251 28 58 38
229 252 46 26 28
247 252 12 36 5
305 252 12 38 9
13 252 10 44 26
405 252 24 98 23
359 252 56 14 20
442 252 28 88 24
507 252 56 56 39
369 252 16 50 35
201 252 26 2 22
638 252 10 10 1
420 252 26 2 18
160 252 20 128 23
422 252 110 84 11
613 253 56 74 2
368 253 22 26 21
500 253 120 2 48
213 253 44 34 12
617 253 28 122 2
334 253 32 38 7
166 253 114 8 30
497 253 20 28 24
614 253 42 40 2
169 253 36 54 37
411 253 8 26 16
611 254 26 28 3
104 254 16 26 25
466 254 22 132 5
94 254 40 16 39
130 254 36 66 16
383 254 56 8 17
119 254 18 38 11
495 254 16 38 7
462 254 70 150 5
126 255 16 90 9
458 255 58 22 11
468 255 26 62 12
103 256 54 32 64
80 256 54 56 18
625 256 34 50 2
289 256 24 34 22
624 256 30 44 2
65 256 14 76 35
639 257 108 30 1
106 257 16 6 65
576 257 50 64 4
501 257 56 66 63
259 257 12 70 7
640 257 10 10 1
101 257 18 76 17
263 257 22 66 25
142 258 28 54 19
587 258 26 54 4
277 258 14 4 19
105 258 58 36 6
230 258 58 30 23
114 258 18 14 13
641 258 20 2 1
572 258 18 84 26
57 258 68 184 22
341 258 30 6 56
623 258 8 66 2
302 258 36 26 57
606 258 26 36 3
563 259 32 62 11
325 259 20 66 16
29 259 38 46 33
347 259 8 96 18
249 259 18 38 15
553 259 88 52 12
549 259 84 30 32
48 259 82 36 26
304 259 26 40 15
314 259 8 34 7
485 260 8 34 79
478 260 52 26 5
392 260 8 82 11
242 260 42 12 12
319 260 92 28 38
594 260 12 12 4
283 260 6 78 7
303 260 16 66 19
387 260 20 12 6
436 261 36 2 41
1 261 32 38 8
343 261 54 14 6
351 261 50 10 8
616 261 50 36 2
362 261 46 64 27
482 261 8 74 26
376 261 14 60 10
365 262 12 48 10
151 262 22 92 13
367 262 8 24 12
534 262 12 26 4
210 262 50 158 26
31 262 62 72 25
480 262 24 58 6
279 262 26 36 8
371 262 34 20 7
364 262 34 72 10
483 262 24 32 14
381 262 48 20 13
622 263 10 60 2
562 263 8 60 8
552 263 18 128 4
600 263 24 54 4
514 263 50 12 32
333 263 26 36 13
608 263 14 14 4
214 263 94 26 9
407 263 22 190 33
398 263 12 30 7
619 263 28 54 3
88 263 28 86 20
234 263 20 2 75
123 263 22 6 19
274 263 6 46 12
642 263 34 44 1
255 263 16 2 19
412 264 6 168 29
451 264 44 26 47
129 264 34 24 10
359 264 6 66 21
643 264 22 2 1
96 264 10 36 32
232 264 48 20 8
35 264 34 138 13
36 264 14 6 34
273 264 36 36 14
421 264 20 26 22
363 264 24 34 22
380 264 10 120 23
567 264 64 38 13
294 265 54 4 35
465 265 30 88 35
486 265 66 62 27
21 265 48 26 15
525 265 74 42 24
445 265 52 44 19
117 265 24 12 10
188 265 16 66 7
178 265 22 62 9
539 265 12 70 15
509 265 36 16 20
284 265 32 40 32
601 265 16 24 3
633 265 10 112 2
70 266 84 8 53
636 266 12 48 2
559 266 76 10 22
15 266 106 98 52
472 266 50 78 24
166 266 16 98 31
416 266 56 106 25
244 266 16 94 26
499 266 12 58 34
580 266 48 20 4
287 267 24 16 30
357 267 28 24 15
69 267 16 22 11
644 267 14 16 1
573 267 74 22 3
85 267 12 34 9
86 267 84 66 62
599 267 64 6 3
124 267 98 68 25
192 267 46 46 18
477 268 14 90 10
500 268 16 4 49
95 268 6 72 20
107 268 10 68 12
588 268 16 92 4
311 268 38 62 9
461 268 80 56 35
272 268 90 64 15
632 268 24 56 2
645 269 12 12 1
428 269 58 20 22
629 269 4 62 2
459 269 46 128 24
93 269 10 24 8
506 269 32 50 13
460 269 18 42 6
337 269 46 46 24
607 269 28 82 3
280 269 34 34 13
176 269 16 34 26
550 269 118 30 4
226 269 98 154 10
401 269 40 20 30
448 269 42 42 17
37 269 12 8 28
540 269 58 38 21
433 269 28 50 8
265 270 74 76 8
429 270 30 28 17
423 270 100 16 7
646 270 36 36 1
59 270 56 70 27
341 270 12 4 57
352 270 66 62 51
498 270 78 66 28
39 270 10 48 9
436 271 20 4 42
505 271 50 94 14
647 271 16 4 1
144 271 60 72 53
414 271 4 2 11
309 271 44 20 67
510 271 32 60 23
25 271 18 6 26
60 271 8 2 35
100 271 32 6 16
148 271 30 34 24
121 271 44 78 41
420 271 34 2 19
387 271 20 48 7
91 271 56 58 32
246 271 14 48 7
76 271 10 26 16
92 272 20 24 25
315 272 18 58 39
150 272 20 76 30
23 272 90 12 64
106 272 20 2 66
610 272 18 36 3
648 272 10 32 1
317 272 46 100 6
97 272 20 56 8
342 272 52 22 12
577 272 4 56 5
46 272 88 80 38
87 272 86 116 10
417 272 68 42 12
90 272 100 26 20
219 272 66 154 12
257 273 36 56 7
604 273 32 56 3
133 273 34 6 20
37 273 12 72 29
543 273 10 10 15
277 274 12 2 20
649 274 44 40 1
581 274 12 146 50
269 274 26 60 55
481 274 22 42 25
650 274 64 56 1
3 274 22 6 125
61 274 34 38 9
62 274 64 10 57
571 274 56 126 14
593 275 28 34 3
609 275 22 44 3
60 275 30 6 36
578 275 22 52 5
110 275 44 16 41
196 276 14 28 13
367 276 22 22 13
513 276 132 28 3
307 276 128 38 22
383 276 24 26 18
406 276 18 22 14
132 276 94 104 17
640 276 18 2 2
234 276 4 2 76
651 276 2 42 1
355 276 30 24 30
583 277 50 34 4
452 277 18 58 23
156 277 16 20 20
554 277 32 38 16
467 277 44 36 20
217 277 14 44 11
652 277 10 40 1
425 277 82 86 66
162 277 2 42 24
458 278 24 26 12
653 278 86 32 1
267 278 54 102 13
296 278 82 6 23
491 278 22 42 8
640 278 20 30 3
627 278 26 40 2
590 278 70 8 4
560 278 12 42 6
543 278 8 8 16
193 278 16 100 15
437 279 30 42 10
570 279 24 60 14
386 279 72 22 14
654 279 22 4 1
195 279 32 32 8
634 280 20 46 2
276 280 16 78 10
286 280 26 42 7
331 280 2 22 54
128 280 24 14 21
382 280 80 74 7
366 280 98 40 26
469 280 76 104 20
358 280 62 10 6
145 280 94 8 28
419 280 20 2 15
149 280 80 8 9
495 280 10 76 8
596 280 22 52 4
239 281 40 2 22
127 281 78 2 11
496 281 78 84 19
69 281 4 10 12
608 281 32 54 5
232 281 20 138 9
497 281 16 38 25
120 281 24 34 9
152 281 12 62 13
411 281 18 18 17
644 282 26 46 2
473 282 28 56 14
202 282 76 10 51
592 282 118 34 3
594 282 16 34 5
408 282 54 54 22
140 282 20 22 18
344 282 32 26 39
403 282 22 38 19
19 282 60 38 49
586 283 202 8 11
655 283 162 10 1
223 283 36 26 10
534 283 6 132 5
338 283 90 28 46
4 283 82 46 34
136 283 28 100 25
656 283 72 48 1
168 283 54 8 7
574 284 16 66 4
171 284 94 20 24
306 284 16 38 44
55 284 22 72 10
201 284 48 2 23
320 284 12 72 8
322 284 2 134 13
582 284 24 30 5
657 285 18 24 1
485 285 26 28 80
436 285 28 2 43
305 285 26 34 10
621 285 38 22 2
3 285 24 4 126
216 285 112 38 17
301 285 70 2 39
483 285 16 56 15
194 285 46 38 31
453 286 40 12 11
165 286 20 64 26
34 286 88 20 18
351 286 4 30 9
149 286 24 74 10
631 286 26 12 2
137 286 52 38 23
543 286 2 26 17
104 287 10 26 26
558 287 64 6 15
96 287 22 30 33
119 287 12 42 12
343 287 8 20 7
658 287 8 36 1
443 287 72 12 13
197 288 40 106 9
388 288 20 40 9
163 288 12 128 13
23 288 12 42 65
423 288 10 126 8
268 288 98 48 78
659 288 128 28 1
83 288 22 54 29
201 288 16 2 24
494 288 24 40 13
299 288 22 30 20
123 288 16 2 20
102 288 110 32 19
302 288 12 64 58
580 288 16 14 5
114 289 34 6 14
231 289 64 32 10
1 289 14 26 9
94 289 36 50 40
131 289 22 44 33
2 289 20 22 7
323 289 26 20 10
234 289 46 2 77
261 289 44 36 46
660 289 10 16 1
313 289 20 122 12
198 290 24 64 51
487 290 84 6 38
404 290 48 140 31
93 290 26 66 9
250 290 36 34 11
360 290 24 70 6
661 290 10 16 1
565 290 50 44 5
638 290 40 18 2
566 290 8 26 7
402 290 4 22 23
368 291 36 48 22
378 291 22 52 19
517 291 8 46 40
535 291 90 52 16
369 291 24 16 36
225 291 82 72 41
260 291 58 50 25
431 291 26 48 9
111 291 60 82 19
196 292 24 60 14
240 292 46 60 17
450 292 30 104 17
527 292 84 60 52
605 292 138 26 2
398 292 26 22 8
167 292 56 44 37
624 292 18 44 3
614 292 26 44 3
420 292 28 6 20
662 292 32 34 1
540 292 16 64 22
601 292 12 54 4
76 292 12 54 17
294 293 26 6 36
239 293 44 4 23
277 293 28 4 21
628 293 68 44 2
478 293 36 30 6
69 293 12 70 13
610 293 6 18 4
172 293 104 92 5
397 293 34 26 5
308 293 16 58 6
579 293 44 24 5
474 293 60 166 23
394 293 14 68 9
663 293 14 38 1
353 293 40 28 40
401 293 28 54 31
139 293 34 48 18
123 293 14 4 21
38 293 16 40 19
294 294 20 2 37
519 294 26 64 26
639 294 24 34 2
440 294 40 66 16
251 294 142 86 9
100 294 26 2 17
176 294 12 10 27
177 294 6 20 15
631 294 20 108 3
536 294 92 46 30
40 294 12 80 8
18 294 48 66 18
664 294 22 2 1
207 295 44 28 14
348 295 64 22 6
665 295 30 40 1
32 295 62 42 20
164 295 52 62 11
470 295 68 56 14
233 295 14 78 10
599 295 14 14 4
635 295 18 66 2
128 296 8 90 22
105 296 16 34 7
655 296 8 54 2
30 296 14 28 22
618 296 118 24 2
235 296 48 50 19
0 297 8 40 15
666 297 14 36 1
365 297 10 16 11
103 297 16 26 65
130 297 12 64 17
249 297 10 122 16
555 297 26 6 6
71 297 60 74 36
45 297 26 90 24
419 297 30 2 16
370 297 64 24 11
371 297 26 80 8
274 297 22 90 13
262 297 10 16 22
27 298 52 50 44
357 298 18 36 16
54 298 66 30 32
43 298 94 24 29
33 298 28 16 33
61 298 20 86 10
547 298 18 124 19
63 298 70 42 23
421 298 28 50 23
67 298 18 34 9
314 298 20 36 8
389 299 18 50 8
24 299 4 62 18
573 299 10 6 4
58 299 44 66 43
557 299 22 80 5
341 299 28 2 58
135 299 14 6 13
616 299 26 14 3
630 299 56 30 2
335 299 54 80 25
236 299 38 168 7
304 299 18 2 16
